{"mu": [-4.259920077969356, 4.017997905927601, -9.943845503611238, -16.632403065214348, -30.236594754114662, -0.9338545810464334], "cov": [[2.1912187802632705, 0.03486678156360466, 0.26070443137756427, 0.3651659275367769, 1.733805255101321, 0.23258538931019562], [0.03486678156360466, 3.5994476083170284, -0.8253828525500184, -0.3730549008971595, -1.0423732189664014, -0.03282559874799065], [0.26070443137756427, -0.8253828525500184, 2.656094945548804, 1.236247657164686, 1.7006604628655781, 0.03442624208035744], [0.3651659275367769, -0.3730549008971595, 1.236247657164686, 4.793090688037688, 0.04309768420018534, -0.15148998317422221], [1.733805255101321, -1.0423732189664014, 1.7006604628655781, 0.04309768420018534, 8.91730416835276, 0.8104853670480725], [0.23258538931019562, -0.03282559874799065, 0.03442624208035744, -0.15148998317422221, 0.8104853670480725, 1.6048440830161466]]}