{"mu": [-3.051772645558453, 3.6876195827180642, -9.509514488412467, -11.785807127765803, -40.614138615941485, -1.5309621682097447], "cov": [[6.220244908948047, 0.4137216073965591, -0.9501096877522249, 0.6028985944516285, 2.231210147284508, 0.3286851135523316], [0.4137216073965591, 6.708620420281473, -0.09265462117701107, -0.2699189584765209, 0.496310966672326, 0.38696122846525804], [-0.9501096877522249, -0.09265462117701107, 5.125133077695169, 1.1199310071447042, -0.9241173617926616, -0.09832467295195609], [0.6028985944516285, -0.2699189584765209, 1.1199310071447042, 10.844236587007956, -1.3138399255357898, 0.5294457647260131], [2.231210147284508, 0.496310966672326, -0.9241173617926616, -1.3138399255357898, 7.211436245767185, 0.2268351815546017], [0.3286851135523316, 0.38696122846525804, -0.09832467295195609, 0.5294457647260131, 0.2268351815546017, 4.5469504337793225]]}