{"mu": [-2.0404910054231027, 2.594938698063777, -8.658732800986481, -7.909963518133505, -41.92137910254822, -0.9202027682924923], "cov": [[4.9363084175505545, 1.656381937268864, -0.301318683201139, -0.30688981305937174, 0.4656155899212402, -0.12383544293057984], [1.656381937268864, 14.762280942809888, 0.8170031322384117, -2.613211347477872, -1.1755658974074348, -0.6935238241242979], [-0.301318683201139, 0.8170031322384117, 4.161781412737001, 0.7070103916142415, -0.46638482975297824, -0.07278190113119798], [-0.30688981305937174, -2.613211347477872, 0.7070103916142415, 6.838253087865471, -0.4959847684504448, 0.2772635902118705], [0.4656155899212402, -1.1755658974074348, -0.46638482975297824, -0.4959847684504448, 6.171773961943193, -0.7037542528559109], [-0.12383544293057984, -0.6935238241242979, -0.07278190113119798, 0.2772635902118705, -0.7037542528559109, 3.7914357812438135]]}