{"mu": [-2.705682216899983, 4.430672007454892, -9.485540487334887, -11.272098965865828, -40.79749180520872, -1.3038386457727205], "cov": [[5.073932416771501, 1.418509676987484, 0.17253871546965824, -0.17623037271192873, 1.884631554174107, 0.23950741300045875], [1.418509676987484, 9.145309259699058, -1.918395767748461, -3.7856675898096728, 4.13152967986226, 0.3025562126206869], [0.17253871546965824, -1.918395767748461, 7.242303961901324, 3.3924649734884373, -0.45713244729068714, -0.1416498752232953], [-0.17623037271192873, -3.7856675898096728, 3.3924649734884373, 11.344692380732118, -1.5638728042719894, 0.048438296374844314], [1.884631554174107, 4.13152967986226, -0.45713244729068714, -1.5638728042719894, 11.805216276264515, 0.27889953170703075], [0.23950741300045875, 0.3025562126206869, -0.1416498752232953, 0.048438296374844314, 0.27889953170703075, 4.492114245627706]]}