{"mu": [-4.155062965040457, 3.982358912828775, -9.702525213971976, -17.300882995117483, -30.899540617915477, -1.1942439712091568], "cov": [[1.3735954115280642, -0.8236547271749494, -0.3185287361326664, 0.4222262822732785, -0.1629227376390584, 0.2098956036595429], [-0.8236547271749494, 3.4316471152502483, -0.7152939183307868, -2.742240883741913, 1.3952198156327886, -0.11121534218716948], [-0.3185287361326664, -0.7152939183307868, 2.379681676526674, 2.6966663113314238, -2.2332761235788547, -0.47216812648312456], [0.4222262822732785, -2.742240883741913, 2.6966663113314238, 7.051067233486045, -4.5419800365041985, -0.4734321459603168], [-0.1629227376390584, 1.3952198156327886, -2.2332761235788547, -4.5419800365041985, 10.71138787736182, 0.4425961547721603], [0.2098956036595429, -0.11121534218716948, -0.47216812648312456, -0.4734321459603168, 0.4425961547721603, 1.0653548367741223]]}