{"mu": [-4.670801969167149, 3.957481642082352, -9.082871653485743, -16.402190999974103, -29.34918830189057, -0.6794297421054643], "cov": [[1.6131506960937114, -0.05617843980365948, -0.02466358911163313, -0.08771808744150365, 1.450417317821961, 0.10853891041835778], [-0.05617843980365948, 2.598982935904568, -0.522666469728509, -1.6307747165320943, -1.8019360892285232, -0.09043242991924233], [-0.02466358911163313, -0.522666469728509, 2.9450022507833173, 3.2636520849773394, -0.8653050614899294, 0.0030241082424188256], [-0.08771808744150365, -1.6307747165320943, 3.2636520849773394, 12.451646411399325, -1.4272293653636547, 0.16457520192496772], [1.450417317821961, -1.8019360892285232, -0.8653050614899294, -1.4272293653636547, 9.856952644468594, 0.6384815200029728], [0.10853891041835778, -0.09043242991924233, 0.0030241082424188256, 0.16457520192496772, 0.6384815200029728, 1.2564012237362832]]}