{"mu": [-4.199784092416682, 3.3042826971042154, -9.228277199705186, -16.087591446441543, -30.968106518727218, -1.1319424369222626], "cov": [[1.2928338432135513, -0.6013446839433487, -0.22462076493015762, 0.06575030414189728, -0.6252467484543363, -0.08568905905466295], [-0.6013446839433487, 2.8852081294790874, -0.2715373394084394, -2.6360655525404635, 2.778758239932362, 0.02744630180536472], [-0.22462076493015762, -0.2715373394084394, 1.5773804328769576, 1.3731844056534874, -1.2155837400114704, -0.2196626150644114], [0.06575030414189728, -2.6360655525404635, 1.3731844056534874, 7.0834968058644225, -5.97439379950978, -0.5221386149983305], [-0.6252467484543363, 2.778758239932362, -1.2155837400114704, -5.97439379950978, 9.603475066642966, 0.5113144626220667], [-0.08568905905466295, 0.02744630180536472, -0.2196626150644114, -0.5221386149983305, 0.5113144626220667, 0.8874472427307994]]}