{"mu": [-1.3701070181400974, 3.5972821577598375, -7.553917917801607, -2.507105506398559, -45.96312350767872, -1.2042167113965048], "cov": [[3.6661342982890375, -0.6265961132973028, -0.40957272224828944, 0.05787951666142879, -0.24533574557130805, 0.33510244957947155], [-0.6265961132973028, 5.763739704692078, 0.8662652337302237, -0.023328274524953133, -0.1741117061208027, -0.6031917497684056], [-0.40957272224828944, 0.8662652337302237, 3.878726587379278, 1.3187918508320866, -0.09682743673374834, -0.2822291361642961], [0.05787951666142879, -0.023328274524953133, 1.3187918508320866, 11.272578292456064, -2.850227565837243, -0.2622803042244061], [-0.24533574557130805, -0.1741117061208027, -0.09682743673374834, -2.850227565837243, 5.051779714256219, 0.1979463213099017], [0.33510244957947155, -0.6031917497684056, -0.2822291361642961, -0.2622803042244061, 0.1979463213099017, 3.235600042831616]]}