{"mu": [-2.6056373762372997, 4.6705824519407075, -9.45560562446942, -12.009332203338138, -39.8260958834871, -1.268606615469695], "cov": [[5.217056039659429, 1.5970382284901383, -0.1362025855197191, -0.8401551821365882, 1.490936872824042, 0.18884835660173638], [1.5970382284901383, 9.79181479866286, -1.9527926653014842, -4.481810605386739, 3.427831584615716, 0.48135691162802335], [-0.1362025855197191, -1.9527926653014842, 7.563728413860802, 2.8199228493893163, -0.882005207558626, -0.7760387835341707], [-0.8401551821365882, -4.481810605386739, 2.8199228493893163, 14.77236399255564, -2.6998560664663414, -0.5554036911182975], [1.490936872824042, 3.427831584615716, -0.882005207558626, -2.6998560664663414, 10.90436350755382, 0.39455628769168516], [0.18884835660173638, 0.48135691162802335, -0.7760387835341707, -0.5554036911182975, 0.39455628769168516, 4.657523475241782]]}