{"mu": [-2.5483285077971405, 3.699848089334532, -9.392485820426241, -10.802689584883591, -40.50667461128951, -1.3929066098202862], "cov": [[5.469661983864624, 0.573425863838958, -0.24230883683834836, 1.8856289916698468, 0.17710217303209372, 0.12459960281741597], [0.573425863838958, 9.907355443257382, -1.1746858438366719, -0.6351629681909878, -1.1034840546403974, 0.24374354823300645], [-0.24230883683834836, -1.1746858438366719, 4.695308567080851, 1.2349547359405837, 0.3519857903730097, -0.21315048466946682], [1.8856289916698468, -0.6351629681909878, 1.2349547359405837, 9.088164719804478, -0.18151748238811652, -0.28242191329915944], [0.17710217303209372, -1.1034840546403974, 0.3519857903730097, -0.18151748238811652, 4.779695335969045, 0.1580917532836163], [0.12459960281741597, 0.24374354823300645, -0.21315048466946682, -0.28242191329915944, 0.1580917532836163, 3.9530968900757344]]}