{"mu": [-1.263931033461922, 2.9978396404754504, -7.483810710346477, -1.5231142476299921, -45.8061004005973, -1.0288388229100354], "cov": [[3.9608526858752007, -1.6328588900321608, -0.8465606045714281, 1.767173577462431, -1.6272315845813048, 0.26481178354299884], [-1.6328588900321608, 6.931947146045065, 1.324544642962294, -2.532100950585411, 1.2464355229977488, -0.5272099053133583], [-0.8465606045714281, 1.324544642962294, 3.9343477963016307, 0.32566905896465753, 0.8140861074813214, -0.28644186383485193], [1.767173577462431, -2.532100950585411, 0.32566905896465753, 13.363785272494447, -5.0140505358376934, -0.15553526276297133], [-1.6272315845813048, 1.2464355229977488, 0.8140861074813214, -5.0140505358376934, 8.191679007027263, -0.3166975372814488], [0.26481178354299884, -0.5272099053133583, -0.28644186383485193, -0.15553526276297133, -0.3166975372814488, 3.0100964039735536]]}