{"mu": [-3.801629046852353, 2.7126571143638394, -8.913954275664953, -14.734164716728834, -33.1494750457014, -1.1006346914274427], "cov": [[1.9418754692558966, -0.5773877829749645, 0.4531319710093581, 0.6435605332975223, -1.0546029094291896, -0.21504988298776562], [-0.5773877829749645, 1.9094792314803188, 0.09754700924838816, -0.8551670538690205, 0.2102910235713611, 0.05310547988599836], [0.4531319710093581, 0.09754700924838816, 1.469976322280749, 1.1149275792200455, -1.1886366376061648, -0.24597115258262986], [0.6435605332975223, -0.8551670538690205, 1.1149275792200455, 3.988714237763848, -2.9866961851334586, -0.303737185813552], [-1.0546029094291896, 0.2102910235713611, -1.1886366376061648, -2.9866961851334586, 8.016550925450465, 0.5305080686866016], [-0.21504988298776562, 0.05310547988599836, -0.24597115258262986, -0.303737185813552, 0.5305080686866016, 0.640895152099237]]}