{"mu": [-3.233370073719486, 5.453906166005783, -9.964458339585287, -11.857029406571584, -39.29811877753734, -1.2621253745979661], "cov": [[6.18407831830531, -0.9014249877944169, -0.7049288188796019, -0.1584885431242628, 0.20741422873672843, 0.23530933287407252], [-0.9014249877944169, 14.030366582499537, 1.1425524619669523, -3.522803599620054, -9.629733405255529, -0.1016641325025058], [-0.7049288188796019, 1.1425524619669523, 7.908317849062839, 1.6249098053074649, 3.6289971520487394, -0.6472209545347615], [-0.1584885431242628, -3.522803599620054, 1.6249098053074649, 12.823290683989555, 5.867572099812813, -0.1958602694058899], [0.20741422873672843, -9.629733405255529, 3.6289971520487394, 5.867572099812813, 26.53160414835657, -0.7676625427637072], [0.23530933287407252, -0.1016641325025058, -0.6472209545347615, -0.1958602694058899, -0.7676625427637072, 5.045576061378309]]}