{"mu": [-4.5726451295357995, 5.461979475165062, -10.440700689894568, -17.442256716412984, -29.955821827379005, -1.1636887229898818], "cov": [[2.6218749895086657, -0.1200211213450082, 0.608114625863094, 1.2535808777476471, 2.1246882963953406, -0.41077788284394107], [-0.1200211213450082, 6.754992608087977, -0.19157770020820125, -0.18580948011917278, 0.2584158411757923, -0.020899790864235407], [0.608114625863094, -0.19157770020820125, 6.207349320784658, 5.508180851642968, 6.382921137392935, -0.2872224886059104], [1.2535808777476471, -0.18580948011917278, 5.508180851642968, 12.35690312512095, 6.29509737156552, -0.6801194980598232], [2.1246882963953406, 0.2584158411757923, 6.382921137392935, 6.29509737156552, 15.54018646825621, -1.2749378096798936], [-0.41077788284394107, -0.020899790864235407, -0.2872224886059104, -0.6801194980598232, -1.2749378096798936, 1.9364709034193095]]}