{"mu": [-3.475987839231132, 3.790590133876144, -9.488862880389938, -10.484547458679932, -42.20858780859539, -1.6015459481704948], "cov": [[5.625759467327864, -0.5463832982204518, 0.46050685906270766, -0.1934362414181039, 0.7945797527385907, 0.6496548661823778], [-0.5463832982204518, 7.116773131760715, -0.7263873235967386, -0.16444555099777047, 1.1878910527476512, 0.1813944270518447], [0.46050685906270766, -0.7263873235967386, 5.406146416351605, 1.477291869681849, 0.4130051238546788, 0.26590035184005273], [-0.1934362414181039, -0.16444555099777047, 1.477291869681849, 9.592944007821878, 1.2643227200374976, 1.535559085583059], [0.7945797527385907, 1.1878910527476512, 0.4130051238546788, 1.2643227200374976, 7.969849042676458, 0.7529290534221366], [0.6496548661823778, 0.1813944270518447, 0.26590035184005273, 1.535559085583059, 0.7529290534221366, 5.43379640918462]]}