{"mu": [-4.593108460066266, 3.6578131977506674, -9.253471418019547, -17.04960367896251, -30.221716901524267, -1.0490039643926246], "cov": [[1.4326707126385563, 0.04983565785801318, -0.5797873152082745, -0.759699198914064, 1.2785493929012728, 0.20305337154718192], [0.04983565785801318, 2.5156391154537032, -0.8666566472857872, -2.1089112600769564, -1.2442472977734533, 0.13311193389149661], [-0.5797873152082745, -0.8666566472857872, 4.062305081234039, 5.054378816024918, -3.3839668104201226, -0.5592411895763856], [-0.759699198914064, -2.1089112600769564, 5.054378816024918, 11.88841538989561, -4.491881246103748, -1.001892107452555], [1.2785493929012728, -1.2442472977734533, -3.3839668104201226, -4.491881246103748, 17.162392314927267, 1.4755866059365637], [0.20305337154718192, 0.13311193389149661, -0.5592411895763856, -1.001892107452555, 1.4755866059365637, 1.438992558308929]]}