{"mu": [-3.6380797629480948, 1.982630348868221, -8.63077809931439, -13.809187051386372, -33.16749591920511, -1.3232691023524397], "cov": [[1.0998514719651868, -0.09910524004193555, -0.06836478933162093, 0.12741755242252767, -1.4605333546471844, -0.13360747860683309], [-0.09910524004193555, 2.3118570501588995, 0.40662151051802503, -1.2481505064949763, -1.9410240508070713, 0.09550456682460165], [-0.06836478933162093, 0.40662151051802503, 1.0698487659029365, 0.27827016059700166, -0.20875167621521962, -0.015359223168230594], [0.12741755242252767, -1.2481505064949763, 0.27827016059700166, 3.6654150243440653, -2.0335910361364555, -0.3972615573217967], [-1.4605333546471844, -1.9410240508070713, -0.20875167621521962, -2.0335910361364555, 14.495270885176788, 0.7173597698207264], [-0.13360747860683309, 0.09550456682460165, -0.015359223168230594, -0.3972615573217967, 0.7173597698207264, 0.49652092899507294]]}