{"mu": [-1.2682825754589013, 3.3337741962229095, -7.547764626894285, -3.4328152548170117, -45.463048282588296, -1.3330598276806793], "cov": [[3.340305067371901, 0.05743024168011587, 0.041685016929567165, 0.8911375426143513, 0.08615155415358283, 0.1642507839446557], [0.05743024168011587, 6.573667125741957, 0.8004397635170287, -0.017949798563488273, 0.24689767901333254, -0.4714925476112046], [0.041685016929567165, 0.8004397635170287, 3.8091462755554035, 1.5026474677938872, -0.41155100754952867, -0.10617509858409299], [0.8911375426143513, -0.017949798563488273, 1.5026474677938872, 11.21823603031054, -2.151670099224396, 0.27417812703375455], [0.08615155415358283, 0.24689767901333254, -0.41155100754952867, -2.151670099224396, 4.823168701820721, 0.5266432491410465], [0.1642507839446557, -0.4714925476112046, -0.10617509858409299, 0.27417812703375455, 0.5266432491410465, 3.6651136759976364]]}