{"mu": [-1.0660846353152473, 1.0779024288552592, -6.690857132587269, 0.26371630685814984, -45.946497006068675, -1.4686845077867012], "cov": [[2.4558076714010584, 0.5669364567859928, -0.09572005356303175, -0.3272781707516774, 0.6813241477278491, -0.029666747914973167], [0.5669364567859928, 4.866028069424255, 0.6792158749474604, 0.46243902470913834, -0.27495082961304396, -0.581831545599222], [-0.09572005356303175, 0.6792158749474604, 2.5770139543224246, 0.21427563383165762, -0.3482009879328336, -0.2791368388358337], [-0.3272781707516774, 0.46243902470913834, 0.21427563383165762, 3.693905562119302, -0.8792845279357835, -0.0557272945917706], [0.6813241477278491, -0.27495082961304396, -0.3482009879328336, -0.8792845279357835, 4.179184411365562, 0.2982261858527111], [-0.029666747914973167, -0.581831545599222, -0.2791368388358337, -0.0557272945917706, 0.2982261858527111, 2.163289852550272]]}