{"mu": [-4.7641146734315525, 3.9170489283952703, -9.516682798731773, -18.19434531982854, -30.503818942081768, -1.243195442137468], "cov": [[1.3691040215900867, -0.4649796850423155, -0.005362432916225984, 0.4807351566984336, 0.9851584846042672, 0.05856740543592706], [-0.4649796850423155, 4.025503002836267, -0.6334336178840482, -1.3554252756589862, -2.4938759696633457, -0.1612005309917319], [-0.005362432916225984, -0.6334336178840482, 2.519105449734308, 2.8817343484458275, -0.6646898911013224, 0.1348386221310034], [0.4807351566984336, -1.3554252756589862, 2.8817343484458275, 7.715327517065004, 0.27993886373904564, 0.5781416428123628], [0.9851584846042672, -2.4938759696633457, -0.6646898911013224, 0.27993886373904564, 12.117737582006836, 1.4548930236427626], [0.05856740543592706, -0.1612005309917319, 0.1348386221310034, 0.5781416428123628, 1.4548930236427626, 1.5601339424596907]]}