{"mu": [-1.129679241703562, 0.3506047148051853, -7.027372855853835, -0.6149174200612544, -45.1912254178727, -1.3962280636757687], "cov": [[2.4061074955460615, 0.8253486800852586, -0.09380936643523652, -0.21886006841825695, 0.6838339479344182, 0.3277445909487241], [0.8253486800852586, 3.583243043195912, 0.09021796862141723, -0.058311267827642094, 0.5607010347840385, 0.23997681656138356], [-0.09380936643523652, 0.09021796862141723, 2.1158908051570684, -0.31893138280945593, 0.006664110220852379, -0.03743821303872824], [-0.21886006841825695, -0.058311267827642094, -0.31893138280945593, 4.841051619199877, -1.4845928782979627, -0.3885573578026137], [0.6838339479344182, 0.5607010347840385, 0.006664110220852379, -1.4845928782979627, 4.184373754948242, 0.2657147842305996], [0.3277445909487241, 0.23997681656138356, -0.03743821303872824, -0.3885573578026137, 0.2657147842305996, 2.3086750245655194]]}