{"mu": [-3.4743301492091154, 3.174247091750242, -9.654876622062945, -11.316072935836944, -41.294843234107304, -1.4542676360603475], "cov": [[5.645796902333894, -0.2890540942098867, -0.5698240796268553, 0.45442734925932554, 0.7099595268593382, -0.36624147498046505], [-0.2890540942098867, 7.583816830588649, 0.8684523033921737, 1.0709439566930792, -0.06101269982629909, 0.2743421957301198], [-0.5698240796268553, 0.8684523033921737, 5.8755630407948605, 1.567210579970888, -0.0029078124571015884, 0.24603915803824153], [0.45442734925932554, 1.0709439566930792, 1.567210579970888, 9.321882577163237, -0.6989750046788106, 0.9657446012844404], [0.7099595268593382, -0.06101269982629909, -0.0029078124571015884, -0.6989750046788106, 5.663411589627296, -0.2987993808804976], [-0.36624147498046505, 0.2743421957301198, 0.24603915803824153, 0.9657446012844404, -0.2987993808804976, 4.569217468367585]]}