{"mu": [-1.9065013026118707, 3.111048089407613, -8.38635387309225, -6.748550114597986, -42.59449706418869, -1.0818643005769057], "cov": [[4.3880633232556665, 1.186535860758487, 0.34257038566740977, 0.03573592737745229, 1.4339053141720257, -0.2565398075834681], [1.186535860758487, 8.337089066226856, 0.5471656223427106, -1.7170730906809766, 1.7219735085846288, -0.6405300142446261], [0.34257038566740977, 0.5471656223427106, 4.288415719929217, 1.0727806890308789, 0.8288535965757614, -0.038933263204701675], [0.03573592737745229, -1.7170730906809766, 1.0727806890308789, 6.951639770423547, -1.1693960963316923, 0.4060919302066589], [1.4339053141720257, 1.7219735085846288, 0.8288535965757614, -1.1693960963316923, 8.600704023117494, -0.8353348598267114], [-0.2565398075834681, -0.6405300142446261, -0.038933263204701675, 0.4060919302066589, -0.8353348598267114, 3.5205059766709805]]}