{"mu": [-1.1627417716370236, 2.9846018326448833, -7.924274748855151, -2.5466242256610045, -45.408814403182724, -1.1508342109493384], "cov": [[3.2212653998250858, -0.5776946405612963, -0.3397012228946027, 0.9950976479360546, -1.2738387611539146, 0.21256995357958883], [-0.5776946405612963, 6.124603493205636, 0.8122328657168153, 0.46997269050807444, -0.1569189871748896, -0.9510365875863509], [-0.3397012228946027, 0.8122328657168153, 3.605781296857321, 1.7465963140053855, 0.35284200114790737, -0.2940009633979128], [0.9950976479360546, 0.46997269050807444, 1.7465963140053855, 13.08346039800167, -4.412511531568188, -0.2280736989723616], [-1.2738387611539146, -0.1569189871748896, 0.35284200114790737, -4.412511531568188, 8.201170681432451, -0.3972969521927879], [0.21256995357958883, -0.9510365875863509, -0.2940009633979128, -0.2280736989723616, -0.3972969521927879, 3.102934267260925]]}