{"mu": [-3.1597603887428445, 3.179078038668903, -9.478506954718966, -11.671174605995473, -40.78255764625616, -1.5197486153818995], "cov": [[5.240503776716687, 0.6681351797497153, -0.4337720138783624, 0.33816578402003894, 1.0234876582198837, 0.45732562988769687], [0.6681351797497153, 7.030076925865805, 0.05971378714436575, 0.8434972873830717, 0.012385314080258447, 0.27290918270183684], [-0.4337720138783624, 0.05971378714436575, 4.653451284180596, 1.1998427775825093, -0.12701624873974923, 0.07197495588474702], [0.33816578402003894, 0.8434972873830717, 1.1998427775825093, 9.380205223016482, -1.2884145423193238, 0.2366976949302455], [1.0234876582198837, 0.012385314080258447, -0.12701624873974923, -1.2884145423193238, 6.184164992247458, 0.7527853196621578], [0.45732562988769687, 0.27290918270183684, 0.07197495588474702, 0.2366976949302455, 0.7527853196621578, 4.4910406532163645]]}