{"mu": [-0.7183262862923505, 0.15262972139401504, -7.135400740500675, -0.8407065778843725, -44.800608407131215, -1.088744083785501], "cov": [[1.8678215834265988, 0.22980063747669677, -0.0006253665114245022, -0.05762763719980757, 0.1904997486285891, 0.12419207443324942], [0.22980063747669677, 4.29938492228196, -0.2137218070819965, 1.031979415274151, -0.5704073652646914, 0.226239335056102], [-0.0006253665114245022, -0.2137218070819965, 1.919130703617487, -0.6481561714835753, 0.3269761482581258, 0.056276583006535014], [-0.05762763719980757, 1.031979415274151, -0.6481561714835753, 6.18480035536511, -2.2289070224600365, -0.4511471827409924], [0.1904997486285891, -0.5704073652646914, 0.3269761482581258, -2.2289070224600365, 3.7431494065135213, 0.19902844241624962], [0.12419207443324942, 0.226239335056102, 0.056276583006535014, -0.4511471827409924, 0.19902844241624962, 1.9128224512304244]]}