{"mu": [-2.3098208012791983, 3.34248224217536, -8.968089477915928, -9.844335165324058, -40.640677871347144, -1.4731448710356065], "cov": [[5.3348287596193815, 2.018115636158077, 0.014708347916150097, 2.4914053725108625, -0.8480382324005165, -0.053588698497991735], [2.018115636158077, 13.375739992426347, -1.00429344213944, 0.950669459848536, -2.343287582341625, 0.2145051241133749], [0.014708347916150097, -1.00429344213944, 5.661185156695822, 3.3073884402655733, -0.7599781630950935, -0.6914168175880941], [2.4914053725108625, 0.950669459848536, 3.3073884402655733, 12.733261800927497, -2.7262911609523828, -1.2380169340567493], [-0.8480382324005165, -2.343287582341625, -0.7599781630950935, -2.7262911609523828, 5.473191252298689, 0.39519168640274627], [-0.053588698497991735, 0.2145051241133749, -0.6914168175880941, -1.2380169340567493, 0.39519168640274627, 3.8729598916247645]]}