{"mu": [-1.9270352575599583, 2.9164524324229815, -8.718664038857593, -8.27056583232036, -40.92663815713479, -1.3389185389138272], "cov": [[4.25220946607893, 1.43524655591336, 0.09939328258962388, 1.1925984332031903, -0.5245677978593399, -0.0673925822192263], [1.43524655591336, 15.070385022537167, -0.1248713915159804, 0.8849057913260762, -2.7251689096947973, -0.11992099855032064], [0.09939328258962388, -0.1248713915159804, 4.141744375247612, 1.2929805044873304, -0.38846632430799594, -0.14581907143516157], [1.1925984332031903, 0.8849057913260762, 1.2929805044873304, 8.407074645716907, -2.076069973245114, 0.048057192585904907], [-0.5245677978593399, -2.7251689096947973, -0.38846632430799594, -2.076069973245114, 5.551259321132534, -0.39945722122073235], [-0.0673925822192263, -0.11992099855032064, -0.14581907143516157, 0.048057192585904907, -0.39945722122073235, 3.9482222686108015]]}