{"mu": [-3.2568861406819143, 3.9639308606939165, -10.86229876469413, -13.233144013146227, -38.050587990658116, -1.5204566128205914], "cov": [[7.445674386638615, -1.2779187672178745, 1.3413697909624271, 0.39654997762477334, 1.3398585767006297, -0.1777731838403702], [-1.2779187672178745, 10.943815377620624, -0.12915016053673134, -1.2637608631362978, -5.120395784760687, -0.4577596417245047], [1.3413697909624271, -0.12915016053673134, 7.081216545355354, 0.45739852542265724, 1.982253265115887, -0.6227242831850148], [0.39654997762477334, -1.2637608631362978, 0.45739852542265724, 10.73587324978579, -1.9298404311868362, 0.661009341681661], [1.3398585767006297, -5.120395784760687, 1.982253265115887, -1.9298404311868362, 18.984551954240526, -1.1464797442476975], [-0.1777731838403702, -0.4577596417245047, -0.6227242831850148, 0.661009341681661, -1.1464797442476975, 5.500858488706854]]}