{"mu": [-3.4492633337910448, 3.763980527780485, -9.408514047801493, -10.883332516094589, -41.77776600668106, -1.5510171936551027], "cov": [[4.8886885639480315, -0.49483202595689163, 0.4814331974826591, 0.3539277710048414, 0.3866516266337816, 0.03305905890417271], [-0.49483202595689163, 7.482899747451203, -0.46491309163646766, -0.2600136534783287, 0.9689654362921625, 0.46743014382232384], [0.4814331974826591, -0.46491309163646766, 5.021432556737849, 0.968601957842997, 0.9434349851495979, -0.0006011690768560202], [0.3539277710048414, -0.2600136534783287, 0.968601957842997, 7.610434242612532, 0.8894280476098708, 0.7314206406037014], [0.3866516266337816, 0.9689654362921625, 0.9434349851495979, 0.8894280476098708, 7.020431889602145, 0.33418496864049135], [0.03305905890417271, 0.46743014382232384, -0.0006011690768560202, 0.7314206406037014, 0.33418496864049135, 4.686736226483248]]}