{"mu": [-1.3271345564250283, 1.4701186414928806, -7.435889814582628, -2.7642238785640885, -45.050051034634315, -1.0921514234037004], "cov": [[2.6944575666269586, 0.4675532478780046, -0.03975544376701082, 0.2953362969019247, -0.34616122019601525, 0.10105173896347361], [0.4675532478780046, 4.462416332627605, 0.09650359001595325, -0.9507622359562884, -0.2919354230260065, 0.004274579877654283], [-0.03975544376701082, 0.09650359001595325, 3.3961013879368966, 2.167842311611558, -1.215614305019169, -0.17807944141296705], [0.2953362969019247, -0.9507622359562884, 2.167842311611558, 10.782204910588762, -3.4614092993536536, -0.4670437972740944], [-0.34616122019601525, -0.2919354230260065, -1.215614305019169, -3.4614092993536536, 4.850007989113481, 0.20214004362076857], [0.10105173896347361, 0.004274579877654283, -0.17807944141296705, -0.4670437972740944, 0.20214004362076857, 2.5269553138611514]]}