{"mu": [-3.5216587552400727, 4.775447747780226, -10.733927128426961, -12.122225754610005, -39.00229850566395, -1.0781718046966229], "cov": [[6.592690770607069, -2.0843734694157106, 0.9070757534253537, 1.1044347134930355, 2.5713434666335924, -0.0828554325207048], [-2.0843734694157106, 13.059071211346081, 1.2849764514566542, -0.41928986908779253, -7.453905528504687, -0.02247385192345118], [0.9070757534253537, 1.2849764514566542, 8.208689785175572, 1.940864831009024, 2.8546382372378427, -0.3779544992183444], [1.1044347134930355, -0.41928986908779253, 1.940864831009024, 10.258888733971887, 0.8790387956448159, -0.021767675020541888], [2.5713434666335924, -7.453905528504687, 2.8546382372378427, 0.8790387956448159, 22.55062648313112, -0.8733611796515979], [-0.0828554325207048, -0.02247385192345118, -0.3779544992183444, -0.021767675020541888, -0.8733611796515979, 5.06991243283924]]}