{"mu": [-1.070325360229607, 1.0057174441440984, -7.097766300057883, -1.1717636100306694, -45.083691024499615, -1.2382012939625904], "cov": [[2.009469886870651, -0.2585352878396629, -0.16839593659831223, 0.5370936798349625, -0.020700481730101014, 0.23500847060367086], [-0.2585352878396629, 3.62243883877097, 0.09097574115049135, 0.6914363596633644, -1.3585310196322318, -0.00796428867097275], [-0.16839593659831223, 0.09097574115049135, 2.067842704439194, 0.17642561920909006, 0.5027493110802848, -0.24836192477833113], [0.5370936798349625, 0.6914363596633644, 0.17642561920909006, 5.547440950976925, -1.2569882486325201, -0.27474038791101363], [-0.020700481730101014, -1.3585310196322318, 0.5027493110802848, -1.2569882486325201, 4.294408969733874, -0.3466006692761169], [0.23500847060367086, -0.00796428867097275, -0.24836192477833113, -0.27474038791101363, -0.3466006692761169, 2.101698136144645]]}