{"mu": [-2.905876396494995, 4.8684890545188235, -9.9845026639433, -11.46010235052873, -39.557326494502675, -1.1702164532185972], "cov": [[5.298935550035412, 0.3151846263463223, -0.5368720546423275, -1.0839406185282456, -0.8937924158513357, 0.12074571556153663], [0.3151846263463223, 13.953342347180165, -0.2981975104949295, -4.587673053995754, -9.286549388389366, 0.36813036693393586], [-0.5368720546423275, -0.2981975104949295, 7.8236358935523, 2.260523973675997, 3.02209929379664, -0.5844505863117329], [-1.0839406185282456, -4.587673053995754, 2.260523973675997, 13.364054996996966, 6.293239224744134, -0.35724209399880963], [-0.8937924158513357, -9.286549388389366, 3.02209929379664, 6.293239224744134, 28.533791552078483, -0.47627719814223524], [0.12074571556153663, 0.36813036693393586, -0.5844505863117329, -0.35724209399880963, -0.47627719814223524, 4.832987491755279]]}