{"mu": [-4.5770147578340685, 4.531120768391393, -10.412923587068324, -18.055726513701572, -30.575743742153755, -1.356982460704373], "cov": [[2.1671909238548195, 0.1960861464135618, 0.34810586631879714, 0.8471656605810316, 1.6517245408538912, 0.045399675500185144], [0.1960861464135618, 6.746645638869817, -1.6017357065608449, -0.17556990497034708, -2.263381829121417, -0.7220621733096357], [0.34810586631879714, -1.6017357065608449, 4.910030776828545, 3.102891593452955, 4.817706612014431, 0.40325955857466156], [0.8471656605810316, -0.17556990497034708, 3.102891593452955, 7.057334648094093, 4.134612590193114, -0.1001495326724821], [1.6517245408538912, -2.263381829121417, 4.817706612014431, 4.134612590193114, 12.09424820975391, 1.0705125828623383], [0.045399675500185144, -0.7220621733096357, 0.40325955857466156, -0.1001495326724821, 1.0705125828623383, 2.017023867687462]]}