{"mu": [-1.5025186966549011, 3.117946939611314, -7.981619194978105, -4.538906990583798, -44.053281393368366, -1.4166704232898386], "cov": [[3.8910226561128303, 0.685533625060267, 0.22654416495586818, 1.0102217398646844, 0.2506010030939827, 0.046417669363967136], [0.685533625060267, 5.823057594157544, 0.062234738724400454, -1.1204063980470096, 1.8908104963939536, -0.4084035249563149], [0.22654416495586818, 0.062234738724400454, 3.391327361202863, 0.8442519421543497, -0.42598216799839334, -0.18923895017815157], [1.0102217398646844, -1.1204063980470096, 0.8442519421543497, 9.217300733057007, -2.4002367347396056, 0.881739467070721], [0.2506010030939827, 1.8908104963939536, -0.42598216799839334, -2.4002367347396056, 6.506644618096774, 0.14708336390765436], [0.046417669363967136, -0.4084035249563149, -0.18923895017815157, 0.881739467070721, 0.14708336390765436, 3.908419504025379]]}