{"mu": [-0.9752588753432818, 1.4911061122393208, -6.865502940132736, -1.3875868225758379, -45.75005201274719, -1.2751422920823092], "cov": [[2.3770866343853387, 0.08997718556341636, 0.027046481776090245, 0.2772880229200677, -0.13885015218603225, -0.0077926097777417935], [0.08997718556341636, 3.4936323075219176, 0.04881030393075263, -1.798194424987132, 0.43402419281737126, -0.14067160174004065], [0.027046481776090245, 0.04881030393075263, 2.947691361954269, 1.326389836986441, -0.32932826882081856, -0.2215262658937388], [0.2772880229200677, -1.798194424987132, 1.326389836986441, 11.184997060363928, -1.4965537603945018, -0.2928410277575648], [-0.13885015218603225, 0.43402419281737126, -0.32932826882081856, -1.4965537603945018, 3.9702176498231765, -0.21315812078759344], [-0.0077926097777417935, -0.14067160174004065, -0.2215262658937388, -0.2928410277575648, -0.21315812078759344, 2.4876975851564125]]}