{"mu": [-1.0440398432218188, 2.427258907554343, -7.983494013518819, -2.7249584374080102, -45.294077873123456, -1.1424503081617385], "cov": [[2.787741552060764, -0.2853012011657957, -0.022733642088864373, 0.7862087598691769, -0.5633958818124642, 0.10973501323089704], [-0.2853012011657957, 5.722489415049687, 0.3372853249086613, 0.004976492220841566, -0.00012855433923548987, -1.0476221664186829], [-0.022733642088864373, 0.3372853249086613, 3.464928976084628, 2.5533608618752233, -0.35026490073156746, -0.20277787078241571], [0.7862087598691769, 0.004976492220841566, 2.5533608618752233, 13.322371345948408, -3.454541950959971, -0.2704922859990462], [-0.5633958818124642, -0.00012855433923548987, -0.35026490073156746, -3.454541950959971, 4.948813910673863, -0.06942118349304077], [0.10973501323089704, -1.0476221664186829, -0.20277787078241571, -0.2704922859990462, -0.06942118349304077, 3.012817407180855]]}