{"mu": [-1.6495728663191638, 3.1839527207903973, -8.467236476369417, -6.607109876869541, -42.645675149201274, -1.231933513394866], "cov": [[3.808672748156039, 0.763646987607637, 0.03810088348902972, -0.15521547429743607, 0.8130696653821439, -0.07847629899589746], [0.763646987607637, 6.468167767858397, -0.01386474223204362, -1.926031074547994, 2.6197415205346886, -0.31417233637064773], [0.03810088348902972, -0.01386474223204362, 3.8296791642679233, 0.844746010767226, -0.473429352945252, -0.3266504859697683], [-0.15521547429743607, -1.926031074547994, 0.844746010767226, 6.600278270651293, -2.8192197440767868, 0.00550883763159693], [0.8130696653821439, 2.6197415205346886, -0.473429352945252, -2.8192197440767868, 8.615183805834373, 0.1863283972569173], [-0.07847629899589746, -0.31417233637064773, -0.3266504859697683, 0.00550883763159693, 0.1863283972569173, 3.599607453511485]]}