{"mu": [-3.3014331155123147, 1.8912943304481846, -8.762199602375677, -13.13764582172031, -35.171386820297045, -1.5057769805239565], "cov": [[1.1758074035112838, -0.6848787189980816, -0.31367271404298286, 0.3430314979390232, -0.7102671436325753, -0.0352034048994027], [-0.6848787189980816, 3.3608854439838107, 0.7496303946700175, -0.5643557069184189, -2.2432303613485347, -0.08300376896464888], [-0.31367271404298286, 0.7496303946700175, 0.7658234394689438, 0.1093202401626753, -0.6161451058005571, -0.11751541324545524], [0.3430314979390232, -0.5643557069184189, 0.1093202401626753, 1.6823269117245199, -1.5249627144203728, -0.2238601706188448], [-0.7102671436325753, -2.2432303613485347, -0.6161451058005571, -1.5249627144203728, 8.642444827352847, 0.6804959000628394], [-0.0352034048994027, -0.08300376896464888, -0.11751541324545524, -0.2238601706188448, 0.6804959000628394, 0.4025249677743728]]}