{"mu": [-1.0443625719537288, 1.6051049712326373, -7.689830394734889, -2.0964605240222305, -45.47459836880142, -1.0267268570610997], "cov": [[2.780370874944162, 0.12858735462853782, 0.044299148034963626, 0.7351515002897878, -0.575351236636621, 0.17218933156817284], [0.12858735462853782, 3.8704172547573377, 0.30455604767423, 0.9159101649872465, -0.29733914262440675, -0.2592652602413572], [0.044299148034963626, 0.30455604767423, 3.1683600376760555, 1.847556383996774, -0.498511938199354, -0.13638986726986665], [0.7351515002897878, 0.9159101649872465, 1.847556383996774, 10.005045380867891, -2.6806365739072238, -0.26121569503289466], [-0.575351236636621, -0.29733914262440675, -0.498511938199354, -2.6806365739072238, 4.246783033214619, -0.14995112782146663], [0.17218933156817284, -0.2592652602413572, -0.13638986726986665, -0.26121569503289466, -0.14995112782146663, 2.727701204655144]]}